000000001 | 111110100 | 001001000 | 111000100 | 1000 10110000 10100000 11000001 10000011 00001000 00010011 00101010 01011100 11001000 10110000 10100001 11000011 
10000111 00010000 00100011 01001010 10011100 01001000 10110001 10100010 11000101 10001011 00011000 00110011 01101010 11011100 11001000 10110001 10100011 
11000111 10001111 00100000 01000011 10001010 00011100 01001001 10110010 10100100 11001001 10010011 00101000 01010011 10101010 01011100 11001001 10110010 
10100101 11001011 10010111 00110000 01100011 11001010 10011100 01001001 10110011 10100110 11001101 10011011 00111000 01110011 11101010 11011100 11001001 
10110011 10100111 11001111 10011111 01000000 10000011 00001010 00011101 01001010 10110100 10101000 11010001 10100011 01001000 10010011 00101010 01011101 
11001010 10110100 10101001 11010011 10100111 01010000 10100011 01001010 10011101 01001010 10110101 10101010 11010101 10101011 01011000 10110011 01101010 
11011101 11001010 10110101 10101011 11010111 10101111 01100000 11000011 10001010 00011101 01001011 10110110 10101100 11011001 10110011 01101000 11010011 
10101010 01011101 11001011 10110110 10101101 11011011 10110111 01110000 11100011 11001010 10011101 01001011 10110111 10101110 11011101 10111011 01111000 
11110011 11101010 11011101 11001011 10110111 10101111 11011111 10111111 10000000 00000011 00001011 00011110 01001100 10111000 10110000 11100001 11000011 
10001000 00010011 00101011 01011110 11001100 10111000 10110001 11100011 11000111 10010000 00100011 01001011 10011110 01001100 10111001 10110010 11100101 
11001011 10011000 00110011 01101011 11011110 11001100 10111001 10110011 11100111 11001111 10100000 01000011 10001011 00011110 01001101 10111010 10110100 
11101001 11010011 10101000 01010011 10101011 01011110 11001101 10111010 10110101 11101011 11010111 10110000 01100011 11001011 10011110 01001101 10111011 
10110110 11101101 11011011 10111000 01110011 11101011 11011110 11001101 10111011 10110111 11101111 11011111 11000000 10000011 00001011 00011111 01001110 
10111100 10111000 11110001 11100011 11001000 10010011 00101011 01011111 11001110 10111100 10111001 11110011 11100111 11010000 10100011 01001011 10011111 
01001110 10111101 10111010 11110101 11101011 11011000 10110011 01101011 11011111 11001110 10111101 10111011 11110111 11101111 11100000 11000011 10001011
00011111 01001111 10111110 10111100 11111001 11110011 11101000 11010011 10101011 01011111 11001111 10111110 10111101 11111011 11110111 11110000 11100011 
11001011 10011111 01001111 10111111 10111110 11111101 11111011 11111000 11110011 11101011 11011111 11001111 10111111 10111111 11111111 11111111 00000000 
00000110 00101000 11100000 10000000 00000100 00010110 01101000 11100000 10000001 00001000 00100110 10101000 11100000 10000010 00001100 00110110 11101000 
11100000 10000011 00010000 01000110 00101000 11100001 10000100 00010100 01010110 01101000 11100001 10000101 00011000 01100110 10101000 11100001 10000110 
00011100 01110110 11101000 11100001 01110001 11111101 11111000 00010011 01100010 01000011 00100011 10010110 10001000 01010000 00111111 00101000 10001010 
00011000 11100010 10001000 00000100 10101101 10001000 00100010 10001010 11110110 11110100 11000011 11001110 10001011 00110100 11010110 01001000 00100011 
01000011 11101100 11111000 11000011 01001110 10001110 00000111 10101101 00101000 11100010 10001111 00011111 11100110 11100111 00100011 10001001 00000010 
10011001 11011000 01100011 10001010 01001000 00011010 11100100 11100010 10001011 00110011 11000110 01101000 11100011 10010011 00101001 00101110 10010100 
11100011 10001110 00100111 11111110 00111000 01100100 10010000 11110111 01011101 10111001 10010000 10010001 00101100 01101110 10101001 01100010 10010111 
00000101 11101101 01001000 11100101 01000110 00110101 10101010 01101000 00100110 10010100 01011000 01100110 00001001 00100100 01000011 01011100 00111010 
10110100 01100100 01000010 01100010 11110010 10101000 10010001 10001101 01100111 01000010 00001001 01100110 10011010 11110001 01101001 10011001 00010000 
10011010 00111101 10101010 00011000 11100011 00111110 11111101 11000100 11101000 01100100 10100000 11110110 11101100 01010011 11101000 10100001 10000110 
00100110 10001010 11101000 10100010 10001010 11101110 00000011 00101000 10100000 11110110 00001000 00101010 00100011 10001011 01110010 11100010 00101001 
10100000 10011110 00100111 00111110 01011001 00100101 10001100 10010001 01000010 00011010 01101001 10100111 10000101 00100110 00101010 01101010 10101000 
10100010 10010110 00111010 10101010 10100011 10011111 01000110 11001010 10001110 00111101 01010100 10001010 01101001 00101001 10000001 10011000 00011110
01001001 11100111 10010001 10011101 11101110 10000011 10001110 10100011 10110110 10100010 11110011 11001110 00111011 11110100 10111100 01110011 11001110 10101111 10111110 10011110 00010011 01101100 10110000 11000010 11111110 01011010 11101100 10110001 11000101 11010010 00100011 11101100 10101110 11101111 10100000 11100011 00101100 00111010 10011111 11001110 00111000 10100011 10001100 00111010 11011110 11111001 01101010 01111101 10110001 00101010 10101001 01101001 10001111 10011111 00111010 11111010 01101100 00111010 11101001 10100000 11010011 00101011 00111101 11001010 00010010 01101011 00101100 10110000 11100111 10011010 11111011 10101011 10110010 10111111 00110110 00100011 00101100 10111001 11110100 11101000 11101010 01101100 10100001 10101011 11101110 00101000 01100011 10011100 11010111 11101010 01100111 01100111 10001010 01010011 00010110 01010100 01101011 10111000 11100001 11110010 10111010 00101011 10110010 10111111 10101110 01010011 11110000 00111001 11101011 00100100 10101100 11110000 11000010 11100000 00101000 01011100 10001110 11000011 00001001 00110111 10101100 10110000 11000100 00001011 00011011 01101100 00110001 11000010 11101001 00110010 10111011 10101011 10111100 11010000 00010010 00011010 01100101 10001110 00101100 10010110 10011001 11101111 01111000 11111011 01000110 01101001 01010000 10100111 11100010 10100100 11110011 01001101 00111010 11001101 01111100 01000011 11001111 00110110 11001101 10111100 10111100 11001101 00110110 11100111 01101000 01110011 11001110 00110110 11011010 11100000 10101100 10110011 00110110 00111100 01101011 11000011 10001101 00110110 11101011 00000000 10101101 00001101 00111000 11100111 01110000 10110011 10001110 11010001 01000010 00000111 11001101 01001101 11010001 01000101 00000111 00011101 01110100 11001101 11101011 01101100 11110011 11110100 10111001 11000101 00001010 10111100 01101011 00111010 11001101 00011010 00011010 00101101 10111110 11010100 10001010 00111100 01110010 01111001 00101110 10100110 01001010 00100011 10101110 10111010 11111010 10101010 00101100 11001110 00110101 11011011 11011100 11110011 11001111 11011100 10110100 11001101 00001101 00111000 01101110 11000011 00101101 11110111 11011011 01101111 10010111 00000011 01001110 00111001 01111000 11011111 01111101 00110111 11011110 01110110 1111001110001101 11110111 00111010 01111000 10101011 01010011 10001110 11100000 01111001 00010011 10101110 01001110 00111101 10001000 10101111 01010011 01001111 11000101 11000110 01101010 10101100 01101011 10100001 10000001 11010110 00001011 11110010 10010111 00100110 01111111 00001101 01011110 11011000 11010001 10110010 01101010 10001111 00111000 10110110 11101110 01111010 01110110 11001110 11011010 00011100 00010011 00111010 00110100 11001110 01101000 00000011 10001101 00110110 11001010 01011100 00000011 11001101 00110101 10101100 01110011 01110011 10001101 11101011 10101101 10110011 11111110 01111010 11011011 01110000 11010011 00111101 00110111 11101101 10110100 10000011 10100011 11111011 11101110 10111011 00011111 10111101 11111011 11011111 11101010 00000100 10111111 10001110 00111010 00001010 01100011 01111100 01001110 10111001 11001101 11011110 10111010 00110101 10010101 01001011 01010110 01101110 10111001 01110110 01100011 01111110 11101001 00101000 10111000 11100100 10011110 01101011 01110011 11000011 01000100 01011111 11000011 10110011 11101010 11011010 10101000 00001110 11001101 11110111 10101011 10111011 00101101 11111110 11111000 01101110 11110111 10101101 10110111 11111001 01111001 11111011 11001101 10110111 11100001 11101011 11111011 01011101 11001111 00111101 11110000 11000111 01111111 01001111 11110000 11000001 01010011 10111100 00110000 11000010 01100110 01101111 10011100 10101010 01000000 10010101 00111110 11111111 11011101 10001011 11101000 10100000 11011110 11001100 01100110 00000110 00111010 11010001 11110101 10101100 01111011 00111100 11111011 10011110 11110110 01001110 11010111 00111010 11011100 11010101 01001110 01111100 11100101 11100000 01000110 00000100 01111001 01000111 11000001 11011111 10101001 10101111 00011100 11110111 11000000 01100000 00000110 11100101 00110111 10111000 11000001 11001001 00001111 01111110 10001000 00111011 01011100 11111101 11010110 01000001 10110100 11111011 10011101 00101011 01011110 11101111 01001000 00010101 10111110 11111100 10110111 00011101 01000100 11100101 00001010 00011101 11000111 00100011 01100000 11001111 11000000 11110111 10111010 00011010 11001010 11001110 01110101 10110000 11000011 00100001 11101101 11110000 00100110 11000001 10111101 11110001 11110000 10000010 01000000 01001100 11011111 0000010100111111 11111000 01000001 11000100 10111101 10001111 10001000 01000101 00100100 00011100 11100010 11100010 10110111 00111000 11100010 00011001 00001100 01011000 11001100 11000010 10010101 10010101 01011000 01111000 00011101 01000011 00111001 10001011 01100101 11101111 01101000 00000110 00000001 10110111 01010001 00111010 01101101 00111000 11100011 01111011 11001010 01010000 00000110 11111000 01110100 01001000 10111110 10111000 11111001 11110000 01101110 00111101 01010100 10011111 00001111 10000011 11001000 01000110 00100100 10000010 01110000 10001001 01101110 10010100 01011111 00111101 11110000 00000110 11000111 11000011 00100101 00001100 01101000 11101001 00111010 10000111 10101101 00011100 00110101 00100101 01101011 01010001 11110001 00110010 01110110 10101010 01010011 01000100 01011010 00110101 00101011 10010000 10000101 10101100 01011011 11100100 10100010 10011001 11001101 10110100 10110111 01000000 00110000 11011010 10010000 00011011 11010000 01101000 11011011 11101100 11000110 10100111 10111011 10111010 01001001 11010000 10010010 01101000 10001100 01100000 00011010 11011001 11001000 01001001 00001101 11000110 11110001 10010011 10100000 01111100 11100011 11100001 11101110 01100001 11000100 11000100 00010001 10101111 01110001 11101111 01110000 01010100 10100000 01010110 01001001 00100011 01111011 00010100 10101001 10010101 11010100 11101010 00010011 10010010 01011100 00100100 11001000 00111111 11000010 00100101 10010000 10110011 00011100 00100100 11110011 10111100 01100110 10100110 01101001 01101101 01101110 00011111 11100010 01110000 11011001 11001100 10011100 01000001 01001100 00110001 10000110 00110001 10001100 11100000 11101011 10011110 00001110 00100111 10011001 00111011 11011101 01000101 11110000 10011001 01111101 10001011 11100110 11011110 11010110 11011000 11001001 00100001 10000110 11110010 10011010 01110001 00101100 01100101 00001000 10001101 10111000 00110000 10011010 11101101 10001010 01110011 11110100 10001010 00010100 10001100 01011110 01000100 10111001 01000001 01101101 10001010 10010110 10111001 01110100 10011110 00101101 11010111 10000010 01001011 01011010 01000010 11100100 01011110 11111101 00011011 00001000 10001100 10111100 01010101 10111101 01011111 11110001 01101100 00011011 10001101 10000100 11000110 00110001 10010001 11111001 
